-3.5879603627082
2.7669255704465
0.6908912284723
-2.4002221028322
-1.3982405822716
2.1722337217872
-2.8669543368122
1.8725738380442
-0.70270660133227
-1.7541117578531
-0.65004887322432
-0.22858192922016
-2.3502202179982
-2.4950408551353
-3.4960898889676
-4.6977417029896
-4.1803634069769
0.99552872404248
-2.2274820353964
-1.9571429849403
-3.8603948796449
2.5769296044376
-1.6104384356227
-2.8555637355221
-2.4367433075964
-4.6851226127172
4.9787506461045
1.5492835811103
4.167030718721
2.522127417625
-4.5332926276761
-1.0359006356615
-0.94707676486442
2.377318459273
2.4789531191247
-0.97790755144223
-1.2688980280743
-0.29906615861648
-0.44372194700116
4.8819828265728
4.6584331894566
-1.3434322254469
1.1728448402941
-2.7017645201188
0.086855592712227
-4.7725666918664
-4.3239241928439
1.0636455733625
-3.2662256193656
2.8496467917457
-4.1705298093942
0.50545729487457
-3.1370738512543
1.5505847179101
-3.9646878600887
-1.8055566990774
-1.0591160021998
-3.4276840455959
-3.8288881437987
-1.2156594154498
1.7345813274079
-1.9828058951454
-3.1772008576324
